     0/100     9.85G      5.64      3.09      5.07      13.8        22       416         0         0         0         0
     1/100     9.85G       5.3     0.882      4.41      10.6        24       416         0         0         0         0
     2/100     9.85G      5.14     0.819      4.13      10.1        23       416         0         0         0         0
     3/100     9.85G      4.62     0.805      3.26      8.68        14       416         0         0         0         0
     4/100     9.85G      3.69     0.835      2.84      7.37        27       416         0         0         0         0
     5/100     9.85G      3.63     0.818      2.56         7        22       416         0         0         0         0
     6/100     9.85G      3.43     0.795      2.47       6.7        20       416         0         0         0         0
     7/100     9.85G      3.25     0.737      2.49      6.48        27       416         0         0         0         0
     8/100     9.85G      3.23     0.704      2.41      6.34        20       416         0         0         0         0
     9/100     9.85G      3.05     0.577      2.38         6        27       416         0         0         0         0
    10/100     9.85G         3      0.56      2.33      5.89        24       416         0         0     0.552         0
    11/100     9.85G      2.94     0.525       2.3      5.76        27       416         0         0     0.552         0
    12/100     9.85G      2.91     0.455      2.32      5.69        27       416         0         0     0.552         0
    13/100     9.85G      2.76     0.323       2.2      5.29        23       416         0         0     0.552         0
    14/100     9.85G      2.68     0.312      2.26      5.25        27       416         0         0     0.552         0
    15/100     9.85G      2.53     0.293      2.09      4.92        24       416         0         0     0.552         0
    16/100     9.85G      2.62     0.307      2.15      5.08        19       416         0         0     0.552         0
    17/100     9.85G      2.56     0.216      2.12       4.9        23       416         0         0     0.552         0
    18/100     9.85G      2.33     0.189      1.97      4.49        27       416         0         0     0.552         0
    19/100     9.85G      2.13     0.155      1.81      4.09        19       416         0         0     0.552         0
    20/100     9.85G      1.95      0.14      1.64      3.73        24       416         0         0      0.88         0
    21/100     9.85G      1.86     0.186      1.61      3.66        19       416         0         0      0.88         0
    22/100     9.85G      1.77     0.253      1.49      3.51        24       416         0         0      0.88         0
    23/100     9.85G      1.85     0.224      1.55      3.62        22       416         0         0      0.88         0
    24/100     9.85G      1.72      0.16      1.49      3.37        27       416         0         0      0.88         0
    25/100     9.85G      1.52     0.167      1.33      3.01        19       416         0         0      0.88         0
    26/100     9.85G      1.55     0.126      1.36      3.04        27       416         0         0      0.88         0
    27/100     9.85G       1.6     0.128      1.44      3.17        20       416         0         0      0.88         0
    28/100     9.85G      1.36     0.115      1.21      2.69        16       416         0         0      0.88         0
    29/100     9.85G      1.22    0.0764      1.09      2.38        24       416         0         0      0.88         0
    30/100     9.85G      1.18    0.0782      1.07      2.33        27       416         0         0     0.978         0
    31/100     9.85G      1.13     0.071      1.04      2.24        27       416         0         0     0.978         0
    32/100     9.85G      1.03    0.0609     0.957      2.04        22       416         0         0     0.978         0
    33/100     9.85G      1.09    0.0607      1.02      2.18        24       416         0         0     0.978         0
    34/100     9.85G     0.988    0.0545     0.931      1.97        22       416         0         0     0.978         0
    35/100     9.85G     0.966    0.0531     0.932      1.95        20       416         0         0     0.978         0
    36/100     9.85G     0.984    0.0556     0.964         2        22       416         0         0     0.978         0
